1 -210
1 -210
1226 -76
1213 -76
1182 -76
1122 -76
1017 -76
849 -76
591 -76
179 -76
466 -76
886 -76
1230 -76
1492 -76
1658 -76
1716 -76
1657 -76
1481 -76
1206 -76
817 -76
677 -76
381 -76
342 -76
401 -76
457 -76
484 -76
475 -76
445 -76
410 -76
374 -76
339 -76
305 -76
273 -76
241 -76
211 -76
183 -76
158 -76
123 -76
136 -76
114 -76
114 -76
121 -76
129 -76
136 -76
140 -76
139 -76
135 -76
129 -76
121 -76
113 -76
104 -76
94 -76
83 -76
72 -76
62 -76
48 -76
53 -76
46 -76
49 -76
55 -76
61 -76
66 -76
69 -76
70 -76
68 -76
66 -76
62 -76
58 -76
53 -76
47 -76
41 -76
34 -76
28 -76
20 -76
21 -76
19 -76
22 -76
27 -76
32 -76
36 -76
39 -76
39 -76
39 -76
37 -76
35 -76
33 -76
29 -76
25 -76
21 -76
16 -76
10 -76
5 -76
4 -76
3 -76
7 -76
12 -76
16 -76
20 -76
22 -76
23 -76
23 -76
22 -76
21 -76
19 -76
16 -76
13 -76
9 -76
6 -76
8 -76
1 -76
11 -76
2 -76
14 -76
15 -76
15 -76
15 -76
15 -76
15 -76
1 -76
813 -70
1456 -70
898 -70
7648 -70
169 -70
343 -70
1123 -70
6084 -70
260 -70
104 -70
1366 -70
2302 -70
3939 -70
1609 -70
280 -70
439 -70
5292 -70
866 -70
11 -70
179 -70
6407 -70
573 -70
8 -70
214 -70
620 -70
397 -70
374 -70
392 -70
205 -70
41 -70
20 -70
5 -70
80 -70
46 -70
6 -70
10 -70
123 -70
208 -70
201 -70
183 -70
7 -70
1 -70
181 -70
201 -70
69 -70
119 -70
119 -70
113 -70
3 -70
4 -70
115 -70
129 -70
46 -70
80 -70
82 -70
80 -70
82 -70
92 -70
2 -70
33 -70
59 -70
62 -70
60 -70
62 -70
70 -70
25 -70
46 -70
49 -70
48 -70
49 -70
55 -70
20 -70
37 -70
40 -70
39 -70
40 -70
44 -70
17 -70
30 -70
33 -70
33 -70
33 -70
37 -70
14 -70
25 -70
28 -70
28 -70
28 -70
31 -70
21 -70
24 -70
24 -70
24 -70
26 -70
9 -70
18 -70
21 -70
21 -70
21 -70
22 -70
16 -70
18 -70
18 -70
18 -70
18 -70
13 -70
15 -70
16 -70
15 -70
15 -70
12 -70
1 -70
71 -70
109 -70
75 -70
109 -70
232 -70
266 -70
56 -70
234 -70
124 -70
317 -70
3669 -70
7041 -70
2891 -70
1716 -70
902 -70
585 -70
445 -70
324 -70
218 -70
272 -70
247 -70
241 -70
266 -70
208 -70
98 -70
90 -70
11 -70
5 -70
9 -70
2 -70
7 -70
3 -70
1 -70
4 -76
1 -76
2 -76
3 -76
1 -74
1 -72
1 -76
1 -72
1 -70
2 -70
1 -70
29 -70
32 -70
74 -70
79 -70
131 -70
145 -70
234 -70
284 -70
524 -70
842 -70
3343 -70
6359 -70
3265 -70
845 -70
534 -70
312 -70
258 -70
213 -70
145 -70
159 -70
134 -70
144 -70
133 -70
237 -70
88 -70
82 -70
28 -70
17 -70
9 -70
8 -70
9 -74
8 -74
6 -74
4 -74
4 -76
3 -76
2 -76
1 -76
1 -70
1 -74
1 -72
1 -70
2 -70
1 -70
75 -69
82 -69
82 -69
105 -69
107 -69
158 -69
171 -69
293 -69
375 -69
874 -69
2429 -69
6688 -69
2366 -69
855 -69
345 -69
254 -69
97 -69
77 -69
49 -69
57 -69
107 -69
92 -69
133 -69
171 -69
94 -69
60 -69
30 -69
13 -69
10 -69
6 -69
7 -71
4 -71
2 -71
2 -75
1 -75
1 -71
1 -77
1 -73
1 -69
2 -69
1 -69
37 -71
32 -71
88 -71
86 -71
153 -71
158 -71
273 -71
311 -71
609 -71
924 -71
3892 -71
6975 -71
3800 -71
928 -71
619 -71
346 -71
296 -71
240 -71
164 -71
183 -71
148 -71
168 -71
146 -71
275 -71
97 -71
95 -71
31 -71
20 -71
10 -71
9 -71
7 -73
5 -73
4 -73
3 -75
2 -75
1 -75
1 -71
1 -75
1 -71
1 -75
1 -73
1 -71
2 -71
1 -71
75 -69
83 -69
80 -69
107 -69
103 -69
161 -69
164 -69
299 -69
360 -69
893 -69
2336 -69
6832 -69
2274 -69
874 -69
330 -69
262 -69
88 -69
84 -69
54 -69
52 -69
110 -69
88 -69
136 -69
164 -69
96 -69
58 -69
30 -69
12 -69
10 -69
6 -69
7 -71
4 -71
2 -71
2 -75
1 -75
1 -71
1 -69
2 -69
1 -69
41 -71
27 -71
91 -71
81 -71
156 -71
152 -71
278 -71
299 -71
622 -71
888 -71
3973 -71
6696 -71
3878 -71
893 -71
630 -71
336 -71
298 -71
238 -71
162 -71
184 -71
144 -71
170 -71
140 -71
281 -71
93 -71
97 -71
29 -71
21 -71
10 -71
9 -71
5 -71
6 -71
4 -71
3 -71
4 -77
2 -77
1 -77
1 -71
1 -75
1 -71
1 -73
1 -71
2 -71
3 -71
1 -71
65 -68
73 -68
68 -68
95 -68
87 -68
144 -68
138 -68
268 -68
303 -68
800 -68
1966 -68
6118 -68
1914 -68
783 -68
276 -68
237 -68
69 -68
80 -68
52 -68
40 -68
100 -68
73 -68
122 -68
138 -68
86 -68
49 -68
27 -68
10 -68
9 -68
5 -68
8 -72
4 -72
5 -72
2 -72
2 -74
1 -74
1 -72
1 -76
1 -74
1 -68
2 -68
1 -68
45 -71
22 -71
94 -71
76 -71
160 -71
145 -71
283 -71
286 -71
633 -71
850 -71
4048 -71
6406 -71
3952 -71
856 -71
640 -71
326 -71
300 -71
235 -71
161 -71
186 -71
140 -71
173 -71
135 -71
286 -71
89 -71
99 -71
28 -71
21 -71
9 -71
10 -71
5 -71
6 -71
4 -71
3 -71
3 -75
2 -75
1 -75
1 -71
1 -73
1 -71
2 -71
3 -71
1 -71
73 -69
84 -69
76 -69
110 -69
95 -69
167 -69
150 -69
311 -69
329 -69
928 -69
2137 -69
7094 -69
2080 -69
909 -69
297 -69
277 -69
69 -69
97 -69
63 -69
40 -69
116 -69
79 -69
142 -69
150 -69
99 -69
53 -69
31 -69
11 -69
5 -69
7 -71
3 -71
4 -71
2 -71
1 -71
1 -75
2 -75
1 -71
1 -75
1 -69
2 -69
1 -69
55 -72
19 -72
110 -72
81 -72
186 -72
157 -72
328 -72
311 -72
733 -72
923 -72
4690 -72
6951 -72
4578 -72
932 -72
740 -72
359 -72
344 -72
265 -72
181 -72
213 -72
154 -72
200 -72
147 -72
332 -72
96 -72
115 -72
30 -72
24 -72
10 -72
11 -72
6 -72
7 -72
4 -72
3 -72
4 -76
3 -76
2 -76
1 -76
1 -72
1 -76
1 -72
2 -72
3 -72
1 -72
64 -68
74 -68
65 -68
98 -68
80 -68
149 -68
125 -68
278 -68
274 -68
829 -68
1784 -68
6333 -68
1736 -68
813 -68
246 -68
249 -68
51 -68
91 -68
59 -68
29 -68
105 -68
65 -68
127 -68
125 -68
89 -68
44 -68
28 -68
10 -68
9 -68
4 -68
6 -70
3 -70
4 -70
1 -70
2 -70
1 -74
2 -74
1 -72
1 -68
2 -68
1 -68
59 -72
12 -72
113 -72
75 -72
189 -72
148 -72
334 -72
296 -72
745 -72
877 -72
4764 -72
6594 -72
4650 -72
886 -72
749 -72
346 -72
346 -72
261 -72
178 -72
213 -72
149 -72
202 -72
140 -72
337 -72
91 -72
117 -72
29 -72
25 -72
10 -72
11 -72
5 -72
7 -72
4 -72
3 -72
4 -76
3 -76
2 -76
1 -76
1 -72
1 -74
1 -72
1 -74
1 -72
2 -72
3 -72
1 -72
63 -68
74 -68
63 -68
99 -68
77 -68
151 -68
119 -68
282 -68
259 -68
841 -68
1688 -68
6429 -68
1642 -68
826 -68
230 -68
254 -68
42 -68
96 -68
63 -68
23 -68
107 -68
61 -68
129 -68
118 -68
90 -68
42 -68
28 -68
9 -68
10 -68
4 -68
6 -70
3 -70
4 -70
1 -70
2 -70
1 -74
2 -74
1 -74
1 -72
1 -68
1 -72
1 -68
71 -73
3 -73
132 -73
78 -73
219 -73
159 -73
386 -73
318 -73
860 -73
944 -73
5503 -73
7086 -73
5372 -73
956 -73
864 -73
379 -73
395 -73
293 -73
200 -73
244 -73
163 -73
233 -73
151 -73
389 -73
98 -73
135 -73
31 -73
29 -73
10 -73
13 -73
6 -73
8 -73
4 -73
5 -73
4 -77
2 -77
1 -77
1 -73
1 -75
1 -73
1 -75
1 -73
2 -73
3 -73
1 -73
62 -68
74 -68
61 -68
100 -68
73 -68
153 -68
112 -68
286 -68
243 -68
853 -68
1588 -68
6518 -68
1545 -68
838 -68
213 -68
260 -68
31 -68
101 -68
67 -68
16 -68
109 -68
56 -68
131 -68
111 -68
91 -68
39 -68
29 -68
8 -68
10 -68
4 -68
7 -70
2 -70
4 -70
1 -70
1 -74
2 -74
1 -72
1 -76
1 -70
1 -68
2 -68
1 -68
75 -73
11 -73
136 -73
70 -73
223 -73
148 -73
391 -73
299 -73
871 -73
886 -73
5575 -73
6647 -73
5441 -73
900 -73
873 -73
363 -73
396 -73
288 -73
197 -73
244 -73
156 -73
236 -73
142 -73
394 -73
92 -73
137 -73
29 -73
29 -73
10 -73
13 -73
5 -73
8 -73
4 -73
3 -73
3 -75
1 -75
2 -75
1 -73
1 -75
1 -73
2 -73
3 -73
1 -73
61 -68
74 -68
59 -68
100 -68
69 -68
155 -68
104 -68
290 -68
227 -68
864 -68
1484 -68
6599 -68
1443 -68
849 -68
196 -68
264 -68
19 -68
106 -68
70 -68
8 -68
112 -68
52 -68
132 -68
104 -68
92 -68
37 -68
29 -68
10 -68
3 -68
5 -68
2 -68
1 -68
1 -74
2 -74
1 -72
1 -70
1 -74
1 -68
2 -68
1 -68
102 -75
25 -75
180 -75
81 -75
293 -75
178 -75
512 -75
362 -75
1142 -75
1072 -75
7315 -75
8027 -75
7139 -75
1093 -75
1143 -75
450 -75
514 -75
366 -75
251 -75
317 -75
194 -75
308 -75
173 -75
517 -75
111 -75
179 -75
35 -75
38 -75
12 -75
17 -75
7 -75
10 -75
5 -75
4 -75
3 -75
1 -75
2 -75
1 -75
60 -68
73 -68
56 -68
101 -68
65 -68
156 -68
97 -68
293 -68
210 -68
874 -68
1376 -68
6672 -68
1337 -68
859 -68
178 -68
269 -68
2 -68
111 -68
73 -68
5 -68
114 -68
47 -68
134 -68
96 -68
93 -68
34 -68
29 -68
7 -68
10 -68
3 -68
1 -68
1 -74
2 -74
1 -72
1 -68
2 -68
1 -68
107 -75
35 -75
184 -75
70 -75
297 -75
163 -75
518 -75
335 -75
1154 -75
992 -75
7391 -75
7410 -75
7213 -75
1015 -75
1152 -75
428 -75
514 -75
359 -75
246 -75
317 -75
185 -75
311 -75
161 -75
522 -75
102 -75
181 -75
32 -75
39 -75
11 -75
17 -75
6 -75
10 -75
5 -75
7 -75
4 -75
3 -75
1 -75
2 -75
1 -75
59 -68
73 -68
54 -68
101 -68
61 -68
158 -68
89 -68
296 -68
192 -68
883 -68
1263 -68
6738 -68
1227 -68
868 -68
159 -68
273 -68
17 -68
116 -68
76 -68
14 -68
115 -68
42 -68
135 -68
88 -68
94 -68
32 -68
30 -68
7 -68
10 -68
3 -68
5 -68
1 -68
2 -68
1 -74
2 -74
1 -72
1 -78
1 -74
1 -68
2 -68
1 -68
112 -75
44 -75
187 -75
59 -75
300 -75
148 -75
523 -75
307 -75
1164 -75
909 -75
7459 -75
6767 -75
7279 -75
934 -75
1160 -75
405 -75
514 -75
351 -75
241 -75
316 -75
175 -75
313 -75
148 -75
527 -75
93 -75
183 -75
29 -75
39 -75
10 -75
18 -75
6 -75
4 -75
7 -75
5 -75
3 -75
1 -75
2 -75
1 -75
58 -68
73 -68
52 -68
102 -68
56 -68
159 -68
81 -68
299 -68
174 -68
891 -68
1146 -68
6796 -68
1112 -68
877 -68
140 -68
277 -68
29 -68
120 -68
79 -68
21 -68
117 -68
36 -68
137 -68
80 -68
95 -68
29 -68
30 -68
6 -68
10 -68
3 -68
5 -68
1 -68
2 -68
2 -76
3 -76
1 -76
1 -76
1 -72
1 -68
116 -75
52 -75
190 -75
46 -75
303 -75
132 -75
527 -75
278 -75
1173 -75
821 -75
7519 -75
6095 -75
7337 -75
849 -75
1167 -75
381 -75
513 -75
343 -75
236 -75
315 -75
165 -75
315 -75
135 -75
531 -75
84 -75
184 -75
26 -75
39 -75
9 -75
18 -75
5 -75
10 -75
4 -75
7 -75
3 -75
2 -75
1 -75
1 -75
43 -66
56 -66
38 -66
79 -66
40 -66
124 -66
56 -66
232 -66
119 -66
692 -66
789 -66
5279 -66
765 -66
682 -66
92 -66
217 -66
31 -66
96 -66
64 -66
21 -66
91 -66
24 -66
106 -66
55 -66
74 -66
20 -66
23 -66
4 -66
8 -66
2 -66
5 -68
1 -68
3 -68
2 -68
2 -76
3 -76
1 -76
1 -72
1 -66
1 -76
1 -66
1 -76
1 -72
1 -66
121 -75
60 -75
193 -75
33 -75
306 -75
115 -75
531 -75
247 -75
1181 -75
730 -75
7570 -75
5391 -75
7386 -75
761 -75
1172 -75
356 -75
511 -75
334 -75
230 -75
314 -75
154 -75
316 -75
121 -75
535 -75
74 -75
186 -75
23 -75
39 -75
8 -75
18 -75
5 -75
10 -75
4 -75
7 -75
3 -75
2 -75
1 -75
1 -75
48 -67
63 -67
41 -67
90 -67
41 -67
141 -67
55 -67
266 -67
118 -67
793 -67
785 -67
6049 -67
760 -67
782 -67
85 -67
250 -67
44 -67
112 -67
75 -67
29 -67
105 -67
22 -67
122 -67
54 -67
85 -67
20 -67
27 -67
4 -67
9 -67
2 -67
6 -69
1 -69
4 -69
2 -69
2 -75
3 -75
1 -75
1 -71
1 -67
1 -77
1 -67
1 -73
1 -67
125 -75
67 -75
196 -75
17 -75
309 -75
97 -75
534 -75
215 -75
1187 -75
633 -75
7612 -75
4648 -75
7427 -75
668 -75
1176 -75
330 -75
509 -75
325 -75
224 -75
313 -75
144 -75
317 -75
107 -75
538 -75
63 -75
187 -75
20 -75
40 -75
7 -75
18 -75
4 -75
11 -75
5 -75
3 -75
2 -75
1 -75
1 -75
54 -68
71 -68
44 -68
102 -68
42 -68
162 -68
54 -68
305 -68
112 -68
908 -68
756 -68
6924 -68
732 -68
895 -68
72 -68
287 -68
59 -68
132 -68
88 -68
39 -68
121 -68
18 -68
140 -68
52 -68
97 -68
19 -68
31 -68
4 -68
10 -68
2 -68
7 -70
1 -70
4 -70
3 -70
2 -74
3 -74
1 -74
1 -70
1 -72
1 -76
1 -74
1 -68
2 -68
1 -68
129 -75
74 -75
199 -75
9 -75
311 -75
78 -75
536 -75
181 -75
1192 -75
531 -75
7646 -75
3857 -75
7460 -75
570 -75
1179 -75
303 -75
506 -75
316 -75
218 -75
311 -75
132 -75
318 -75
92 -75
540 -75
52 -75
188 -75
16 -75
40 -75
5 -75
18 -75
3 -75
11 -75
7 -75
4 -75
2 -75
1 -75
1 -75
40 -66
55 -66
31 -66
79 -66
28 -66
125 -66
33 -66
236 -66
68 -66
703 -66
470 -66
5360 -66
454 -66
694 -66
35 -66
223 -66
52 -66
104 -66
70 -66
34 -66
95 -66
8 -66
108 -66
32 -66
75 -66
12 -66
24 -66
3 -66
1 -66
7 -70
4 -70
1 -70
3 -70
2 -70
2 -74
3 -74
1 -74
1 -74
1 -70
1 -72
1 -66
1 -76
1 -66
1 -74
1 -66
132 -75
81 -75
201 -75
27 -75
312 -75
56 -75
538 -75
144 -75
1196 -75
421 -75
7672 -75
3003 -75
7484 -75
465 -75
1180 -75
275 -75
502 -75
306 -75
211 -75
309 -75
121 -75
318 -75
75 -75
542 -75
40 -75
188 -75
13 -75
40 -75
4 -75
18 -75
3 -75
11 -75
7 -75
2 -75
1 -75
1 -75
50 -68
70 -68
38 -68
102 -68
31 -68
163 -68
32 -68
307 -68
63 -68
915 -68
449 -68
6970 -68
431 -68
903 -68
8 -68
292 -68
76 -68
139 -68
93 -68
49 -68
124 -68
2 -68
141 -68
30 -68
97 -68
12 -68
31 -68
3 -68
10 -68
1 -68
7 -70
4 -70
1 -70
3 -70
2 -70
2 -74
3 -74
1 -74
1 -70
1 -72
1 -76
1 -68
2 -68
1 -68
136 -75
87 -75
203 -75
41 -75
314 -75
32 -75
539 -75
104 -75
1198 -75
300 -75
7688 -75
2054 -75
7500 -75
350 -75
1180 -75
245 -75
498 -75
296 -75
205 -75
306 -75
108 -75
318 -75
58 -75
543 -75
26 -75
189 -75
8 -75
40 -75
3 -75
18 -75
2 -75
11 -75
7 -75
4 -75
1 -75
1 -75
49 -68
69 -68
35 -68
102 -68
24 -68
163 -68
19 -68
308 -68
33 -68
917 -68
265 -68
6982 -68
250 -68
905 -68
38 -68
294 -68
84 -68
142 -68
95 -68
54 -68
124 -68
12 -68
141 -68
17 -68
98 -68
7 -68
31 -68
2 -68
10 -68
1 -68
7 -70
4 -70
1 -70
3 -70
2 -70
2 -74
3 -74
1 -74
1 -70
1 -72
1 -76
1 -72
1 -68
2 -68
1 -68
139 -75
93 -75
205 -75
54 -75
315 -75
7 -75
540 -75
57 -75
1199 -75
158 -75
7697 -75
912 -75
7508 -75
221 -75
1179 -75
214 -75
494 -75
285 -75
197 -75
303 -75
95 -75
317 -75
38 -75
543 -75
9 -75
189 -75
3 -75
40 -75
1 -75
18 -75
11 -75
2 -75
4 -75
6 -75
1 -75
47 -68
68 -68
31 -68
102 -68
18 -68
163 -68
2 -68
308 -68
16 -68
917 -68
14 -68
6986 -68
33 -68
906 -68
66 -68
296 -68
92 -68
145 -68
97 -68
58 -68
125 -68
20 -68
141 -68
4 -68
98 -68
31 -68
1 -68
10 -68
7 -70
1 -70
4 -70
3 -70
2 -70
2 -74
3 -74
1 -74
1 -70
1 -72
1 -76
1 -74
1 -68
2 -68
1 -68
142 -75
99 -75
207 -75
66 -75
315 -75
38 -75
540 -75
19 -75
1199 -75
72 -75
7697 -75
881 -75
7508 -75
54 -75
1177 -75
182 -75
489 -75
273 -75
190 -75
300 -75
82 -75
317 -75
14 -75
543 -75
15 -75
189 -75
5 -75
40 -75
2 -75
18 -75
11 -75
7 -75
3 -75
4 -75
1 -75
1 -75
35 -66
52 -66
22 -66
78 -66
8 -66
125 -66
14 -66
238 -66
39 -66
707 -66
211 -66
5384 -66
212 -66
699 -66
70 -66
229 -66
76 -66
114 -66
76 -66
48 -66
97 -66
20 -66
109 -66
16 -66
75 -66
4 -66
24 -66
1 -66
7 -70
1 -70
4 -70
3 -70
2 -70
3 -76
4 -76
1 -76
1 -76
1 -70
1 -72
1 -66
1 -74
1 -66
1 -76
1 -74
1 -66
1 -68
1 -66
145 -75
105 -75
208 -75
77 -75
316 -75
62 -75
539 -75
76 -75
1197 -75
235 -75
7688 -75
2030 -75
7499 -75
169 -75
1173 -75
146 -75
483 -75
262 -75
182 -75
296 -75
67 -75
316 -75
22 -75
543 -75
31 -75
189 -75
10 -75
40 -75
3 -75
18 -75
1 -75
7 -75
4 -75
2 -75
5 -75
1 -75
44 -68
66 -68
25 -68
101 -68
2 -68
162 -68
31 -68
308 -68
78 -68
916 -68
456 -68
6971 -68
452 -68
905 -68
114 -68
298 -68
106 -68
151 -68
101 -68
67 -68
126 -68
32 -68
141 -68
34 -68
97 -68
10 -68
31 -68
1 -68
7 -70
1 -70
4 -70
2 -70
3 -70
3 -76
4 -76
1 -76
1 -76
1 -70
1 -72
1 -68
1 -74
1 -68
148 -75
110 -75
209 -75
87 -75
316 -75
82 -75
538 -75
119 -75
1194 -75
364 -75
7671 -75
2983 -75
7482 -75
306 -75
1168 -75
108 -75
477 -75
249 -75
174 -75
292 -75
51 -75
314 -75
45 -75
541 -75
44 -75
188 -75
14 -75
40 -75
5 -75
18 -75
2 -75
10 -75
1 -75
7 -75
3 -75
4 -75
1 -75
32 -66
50 -66
16 -66
77 -66
9 -66
125 -66
33 -66
237 -66
79 -66
704 -66
475 -66
5360 -66
468 -66
697 -66
104 -66
230 -66
87 -66
118 -66
79 -66
55 -66
98 -66
29 -66
109 -66
34 -66
75 -66
11 -66
24 -66
2 -66
8 -66
1 -66
7 -70
2 -70
4 -70
3 -70
2 -74
3 -74
1 -74
1 -74
1 -70
1 -72
1 -66
1 -74
1 -66
1 -74
1 -66
151 -75
115 -75
210 -75
97 -75
315 -75
101 -75
536 -75
158 -75
1189 -75
479 -75
7645 -75
3838 -75
7456 -75
425 -75
1162 -75
64 -75
470 -75
236 -75
166 -75
288 -75
34 -75
312 -75
63 -75
539 -75
56 -75
188 -75
18 -75
40 -75
6 -75
18 -75
3 -75
10 -75
2 -75
4 -75
1 -75
1 -75
40 -68
64 -68
17 -68
99 -68
19 -68
161 -68
53 -68
306 -68
124 -68
910 -68
762 -68
6924 -68
749 -68
901 -68
155 -68
299 -68
119 -68
156 -68
105 -68
75 -68
127 -68
43 -68
141 -68
55 -68
97 -68
18 -68
31 -68
4 -68
10 -68
2 -68
7 -70
2 -70
4 -70
3 -70
2 -74
3 -74
1 -74
1 -70
1 -72
1 -74
1 -68
2 -68
1 -68
153 -75
121 -75
211 -75
107 -75
315 -75
119 -75
534 -75
194 -75
1184 -75
585 -75
7611 -75
4630 -75
7422 -75
533 -75
1154 -75
2 -75
463 -75
223 -75
157 -75
283 -75
12 -75
310 -75
81 -75
537 -75
66 -75
187 -75
21 -75
40 -75
7 -75
18 -75
3 -75
10 -75
6 -75
4 -75
1 -75
5 -75
1 -75
38 -68
63 -68
12 -68
98 -68
26 -68
160 -68
62 -68
304 -68
145 -68
906 -68
899 -68
6890 -68
882 -68
897 -68
174 -68
299 -68
125 -68
158 -68
106 -68
79 -68
127 -68
48 -68
140 -68
65 -68
96 -68
21 -68
30 -68
4 -68
10 -68
2 -68
7 -70
2 -70
4 -70
3 -70
3 -76
4 -76
2 -76
1 -76
1 -70
1 -72
1 -68
1 -74
1 -68
1 -72
1 -74
1 -68
156 -75
125 -75
211 -75
116 -75
313 -75
136 -75
531 -75
227 -75
1177 -75
684 -75
7568 -75
5374 -75
7380 -75
633 -75
1145 -75
65 -75
455 -75
209 -75
148 -75
278 -75
21 -75
308 -75
96 -75
534 -75
77 -75
186 -75
24 -75
40 -75
8 -75
18 -75
4 -75
10 -75
1 -75
6 -75
2 -75
3 -75
1 -75
35 -68
61 -68
7 -68
97 -68
32 -68
159 -68
72 -68
303 -68
165 -68
901 -68
1028 -68
6847 -68
1008 -68
892 -68
192 -68
299 -68
131 -68
160 -68
107 -68
82 -68
127 -68
53 -68
139 -68
74 -68
96 -68
25 -68
30 -68
5 -68
10 -68
2 -68
7 -70
2 -70
4 -70
3 -70
3 -76
4 -76
2 -76
1 -76
1 -70
1 -72
1 -74
1 -68
2 -68
1 -68
158 -75
130 -75
211 -75
125 -75
312 -75
152 -75
527 -75
259 -75
1168 -75
777 -75
7517 -75
6080 -75
7330 -75
728 -75
1135 -75
109 -75
447 -75
195 -75
138 -75
273 -75
40 -75
305 -75
111 -75
530 -75
87 -75
185 -75
27 -75
39 -75
9 -75
18 -75
4 -75
10 -75
1 -75
6 -75
2 -75
3 -75
1 -75
33 -68
60 -68
96 -68
37 -68
158 -68
80 -68
301 -68
184 -68
894 -68
1150 -68
6797 -68
1127 -68
886 -68
209 -68
298 -68
137 -68
162 -68
109 -68
86 -68
127 -68
57 -68
139 -68
82 -68
95 -68
28 -68
30 -68
6 -68
10 -68
3 -68
7 -70
2 -70
4 -70
3 -70
3 -76
4 -76
2 -76
1 -76
1 -70
1 -72
1 -74
1 -68
2 -68
1 -68
160 -75
135 -75
211 -75
133 -75
310 -75
167 -75
523 -75
289 -75
1159 -75
867 -75
7457 -75
6752 -75
7271 -75
818 -75
1123 -75
147 -75
438 -75
180 -75
128 -75
267 -75
57 -75
302 -75
125 -75
526 -75
96 -75
183 -75
30 -75
39 -75
10 -75
18 -75
5 -75
2 -75
6 -75
1 -75
3 -75
4 -75
1 -75
31 -68
58 -68
8 -68
95 -68
43 -68
156 -68
88 -68
298 -68
202 -68
887 -68
1268 -68
6739 -68
1242 -68
879 -68
226 -68
297 -68
142 -68
163 -68
110 -68
89 -68
126 -68
62 -68
138 -68
90 -68
94 -68
31 -68
30 -68
6 -68
10 -68
3 -68
7 -70
3 -70
4 -70
2 -70
3 -76
4 -76
2 -76
1 -76
1 -70
1 -72
1 -68
1 -74
1 -68
1 -72
1 -68
142 -74
122 -74
185 -74
124 -74
271 -74
159 -74
455 -74
279 -74
1008 -74
836 -74
6488 -74
6494 -74
6326 -74
794 -74
975 -74
160 -74
376 -74
145 -74
104 -74
229 -74
64 -74
262 -74
122 -74
457 -74
92 -74
160 -74
29 -74
34 -74
10 -74
15 -74
5 -74
9 -74
2 -74
1 -74
3 -74
2 -76
1 -76
3 -76
1 -74
1 -76
1 -74
2 -74
3 -74
4 -74
1 -74
28 -68
57 -68
13 -68
93 -68
48 -68
154 -68
96 -68
295 -68
219 -68
878 -68
1380 -68
6674 -68
1351 -68
872 -68
242 -68
296 -68
147 -68
165 -68
111 -68
92 -68
126 -68
66 -68
136 -68
98 -68
93 -68
33 -68
29 -68
7 -68
10 -68
3 -68
5 -68
2 -68
3 -74
2 -74
1 -74
1 -70
1 -72
1 -68
1 -74
1 -68
1 -72
1 -68
143 -74
126 -74
185 -74
131 -74
268 -74
172 -74
450 -74
303 -74
997 -74
908 -74
6421 -74
7036 -74
6260 -74
866 -74
962 -74
189 -74
367 -74
130 -74
94 -74
224 -74
76 -74
258 -74
133 -74
453 -74
100 -74
158 -74
31 -74
34 -74
11 -74
15 -74
5 -74
9 -74
2 -74
1 -74
3 -74
2 -76
3 -76
1 -76
1 -74
1 -76
1 -74
2 -74
3 -74
1 -74
26 -68
55 -68
17 -68
92 -68
52 -68
153 -68
104 -68
292 -68
236 -68
869 -68
1488 -68
6600 -68
1456 -68
863 -68
257 -68
294 -68
153 -68
166 -68
112 -68
95 -68
125 -68
70 -68
135 -68
106 -68
92 -68
36 -68
29 -68
8 -68
10 -68
3 -68
5 -68
2 -68
4 -76
2 -76
3 -76
1 -76
1 -70
1 -72
1 -74
1 -74
1 -68
2 -68
1 -68
127 -73
113 -73
162 -73
121 -73
233 -73
161 -73
391 -73
287 -73
865 -73
858 -73
5573 -73
6636 -73
5433 -73
822 -73
833 -73
190 -73
314 -73
101 -73
74 -73
191 -73
77 -73
224 -73
127 -73
393 -73
94 -73
137 -73
30 -73
29 -73
10 -73
13 -73
5 -73
7 -73
2 -73
4 -73
2 -75
1 -75
1 -73
1 -75
1 -73
2 -73
3 -73
1 -73
23 -68
53 -68
21 -68
90 -68
57 -68
151 -68
111 -68
289 -68
252 -68
859 -68
1592 -68
6520 -68
1557 -68
853 -68
272 -68
292 -68
157 -68
167 -68
113 -68
98 -68
124 -68
74 -68
133 -68
113 -68
91 -68
39 -68
29 -68
8 -68
10 -68
4 -68
5 -68
2 -68
3 -68
4 -76
2 -76
3 -76
1 -76
1 -70
1 -72
1 -76
1 -72
1 -74
1 -68
2 -68
1 -68
128 -73
116 -73
161 -73
126 -73
231 -73
171 -73
386 -73
306 -73
854 -73
916 -73
5500 -73
7076 -73
5362 -73
880 -73
820 -73
212 -73
306 -73
87 -73
65 -73
186 -73
87 -73
220 -73
136 -73
388 -73
100 -73
135 -73
32 -73
29 -73
11 -73
13 -73
5 -73
7 -73
3 -73
4 -73
2 -73
2 -75
1 -75
1 -73
1 -75
1 -75
1 -73
2 -73
3 -73
1 -73
20 -68
52 -68
25 -68
88 -68
61 -68
148 -68
118 -68
285 -68
267 -68
847 -68
1692 -68
6431 -68
1654 -68
842 -68
286 -68
290 -68
162 -68
168 -68
113 -68
101 -68
123 -68
78 -68
132 -68
120 -68
90 -68
41 -68
28 -68
9 -68
4 -68
5 -68
3 -68
2 -68
3 -74
2 -74
1 -74
1 -70
1 -72
1 -72
1 -70
1 -72
1 -68
2 -68
1 -68
113 -72
104 -72
141 -72
116 -72
200 -72
159 -72
334 -72
286 -72
739 -72
854 -72
4761 -72
6585 -72
4641 -72
822 -72
708 -72
206 -72
260 -72
64 -72
49 -72
158 -72
85 -72
190 -72
127 -72
335 -72
93 -72
117 -72
29 -72
25 -72
10 -72
11 -72
5 -72
6 -72
2 -72
4 -72
2 -76
3 -76
1 -76
1 -72
1 -76
1 -74
1 -72
2 -72
3 -72
1 -72
17 -68
50 -68
28 -68
86 -68
66 -68
146 -68
125 -68
281 -68
282 -68
835 -68
1788 -68
6335 -68
1748 -68
830 -68
300 -68
287 -68
166 -68
168 -68
114 -68
104 -68
122 -68
82 -68
130 -68
127 -68
88 -68
43 -68
28 -68
9 -68
4 -68
8 -72
4 -72
5 -72
3 -72
5 -78
3 -78
2 -78
1 -70
1 -72
1 -76
1 -72
1 -74
1 -72
1 -68
2 -68
1 -68
113 -72
107 -72
140 -72
120 -72
198 -72
167 -72
329 -72
302 -72
727 -72
901 -72
4686 -72
6943 -72
4568 -72
870 -72
695 -72
224 -72
252 -72
50 -72
40 -72
153 -72
92 -72
186 -72
135 -72
330 -72
98 -72
115 -72
31 -72
25 -72
10 -72
11 -72
5 -72
6 -72
3 -72
4 -72
2 -72
2 -76
3 -76
1 -76
1 -72
1 -76
1 -72
2 -72
1 -72
18 -70
62 -70
41 -70
110 -70
90 -70
186 -70
170 -70
358 -70
384 -70
1065 -70
2438 -70
8081 -70
2384 -70
1060 -70
406 -70
368 -70
221 -70
219 -70
148 -70
138 -70
157 -70
111 -70
166 -70
173 -70
113 -70
59 -70
36 -70
13 -70
12 -70
6 -70
8 -72
5 -72
4 -72
3 -72
3 -74
2 -74
1 -74
1 -70
1 -74
1 -72
1 -74
1 -70
2 -70
1 -70
100 -71
95 -71
122 -71
109 -71
171 -71
153 -71
284 -71
278 -71
627 -71
831 -71
4045 -71
6399 -71
3943 -71
804 -71
598 -71
212 -71
214 -71
30 -71
26 -71
130 -71
88 -71
160 -71
125 -71
285 -71
90 -71
100 -71
28 -71
21 -71
10 -71
6 -73
7 -73
3 -73
4 -73
1 -73
2 -73
2 -77
1 -77
3 -77
1 -73
1 -77
1 -73
1 -71
2 -71
3 -71
1 -71
12 -69
52 -69
40 -69
94 -69
84 -69
160 -69
157 -69
309 -69
353 -69
919 -69
2242 -69
6970 -69
2192 -69
915 -69
371 -69
320 -69
199 -69
193 -69
130 -69
124 -69
136 -69
101 -69
143 -69
159 -69
97 -69
55 -69
31 -69
10 -69
5 -69
7 -71
4 -71
5 -71
3 -71
4 -77
5 -77
3 -77
1 -77
1 -71
1 -73
1 -75
1 -73
1 -73
1 -71
1 -69
2 -69
1 -69
100 -71
97 -71
121 -71
113 -71
169 -71
160 -71
279 -71
291 -71
615 -71
870 -71
3969 -71
6689 -71
3869 -71
843 -71
585 -71
227 -71
206 -71
14 -71
17 -71
125 -71
94 -71
157 -71
131 -71
280 -71
94 -71
98 -71
30 -71
21 -71
10 -71
9 -71
5 -71
3 -71
1 -71
1 -75
2 -75
1 -73
1 -77
1 -73
1 -71
2 -71
1 -71
8 -69
50 -69
43 -69
91 -69
88 -69
157 -69
164 -69
303 -69
368 -69
902 -69
2340 -69
6835 -69
2286 -69
898 -69
385 -69
316 -69
203 -69
193 -69
131 -69
126 -69
134 -69
105 -69
141 -69
166 -69
95 -69
57 -69
30 -69
12 -69
10 -69
5 -69
7 -71
4 -71
5 -71
3 -71
4 -77
3 -77
2 -77
1 -77
1 -71
1 -73
1 -73
1 -73
1 -69
2 -69
1 -69
100 -71
99 -71
119 -71
116 -71
166 -71
166 -71
273 -71
304 -71
602 -71
907 -71
3889 -71
6968 -71
3790 -71
880 -71
571 -71
241 -71
198 -71
12 -71
4 -71
119 -71
100 -71
153 -71
136 -71
274 -71
98 -71
96 -71
31 -71
20 -71
10 -71
9 -71
5 -71
3 -71
1 -71
1 -75
2 -75
1 -73
1 -77
1 -73
1 -71
2 -71
3 -71
1 -71
2 -68
41 -68
41 -68
78 -68
81 -68
135 -68
149 -68
261 -68
336 -68
776 -68
2136 -68
5876 -68
2088 -68
773 -68
350 -68
273 -68
182 -68
169 -68
115 -68
113 -68
116 -68
95 -68
121 -68
151 -68
82 -68
52 -68
26 -68
11 -68
9 -68
5 -68
8 -72
5 -72
4 -72
3 -72
4 -76
3 -76
2 -76
1 -76
1 -70
1 -74
1 -76
1 -72
1 -72
1 -68
2 -68
1 -68
88 -70
88 -70
104 -70
105 -70
143 -70
151 -70
235 -70
277 -70
517 -70
827 -70
3340 -70
6354 -70
3255 -70
804 -70
489 -70
224 -70
166 -70
25 -70
11 -70
100 -70
93 -70
131 -70
125 -70
235 -70
89 -70
82 -70
28 -70
18 -70
10 -70
8 -70
6 -72
3 -72
1 -72
1 -74
2 -74
1 -72
1 -76
1 -74
1 -70
2 -70
1 -70
5 -69
44 -69
50 -69
86 -69
96 -69
150 -69
176 -69
291 -69
396 -69
863 -69
2523 -69
6539 -69
2464 -69
862 -69
411 -69
306 -69
211 -69
192 -69
130 -69
131 -69
131 -69
111 -69
135 -69
179 -69
91 -69
62 -69
29 -69
13 -69
10 -69
6 -69
7 -71
5 -71
4 -71
3 -71
4 -77
3 -77
2 -77
1 -77
1 -71
1 -73
1 -75
1 -73
1 -71
1 -69
2 -69
1 -69
88 -70
89 -70
102 -70
108 -70
140 -70
157 -70
229 -70
287 -70
505 -70
857 -70
3261 -70
6579 -70
3178 -70
834 -70
476 -70
235 -70
158 -70
37 -70
20 -70
95 -70
98 -70
127 -70
129 -70
230 -70
92 -70
80 -70
29 -70
17 -70
10 -70
8 -70
5 -70
4 -70
3 -70
2 -70
1 -70
1 -74
2 -74
1 -72
1 -76
1 -70
2 -70
1 -70
79 -70
14 -70
41 -70
102 -70
223 -70
256 -70
8 -70
280 -70
201 -70
420 -70
3771 -70
6885 -70
3051 -70
1807 -70
989 -70
673 -70
533 -70
272 -70
181 -70
328 -70
286 -70
268 -70
284 -70
222 -70
96 -70
92 -70
13 -70
6 -70
9 -70
1 -70
4 -70
3 -70
2 -70
3 -76
5 -76
2 -76
1 -70
1 -76
1 -72
1 -70
2 -70
1 -70
293 -70
199 -70
1343 -70
2688 -70
1770 -70
1443 -70
586 -70
5831 -70
522 -70
845 -70
474 -70
315 -70
6356 -70
199 -70
94 -70
180 -70
5359 -70
375 -70
631 -70
337 -70
345 -70
143 -70
134 -70
267 -70
108 -70
52 -70
4 -70
9 -70
331 -70
366 -70
499 -70
302 -70
299 -70
230 -70
57 -70
148 -70
40 -70
18 -70
18 -70
23 -70
95 -70
255 -70
234 -70
39 -70
11 -70
21 -70
73 -70
96 -70
14 -70
28 -70
15 -70
7 -70
15 -70
224 -70
172 -70
147 -70
123 -70
169 -70
78 -70
61 -70
19 -70
25 -70
36 -70
10 -70
51 -70
12 -70
5 -70
18 -70
2 -70
132 -72
131 -72
176 -72
63 -72
154 -72
120 -72
31 -72
68 -72
93 -74
69 -74
42 -74
71 -74
41 -74
43 -74
79 -74
87 -74
10 -70
7 -70
2 -70
5 -70
6 -70
3 -70
4 -70
1 -70
245 -76
34 -76
167 -76
190 -76
86 -76
29 -76
186 -76
91 -76
88 -76
159 -76
28 -72
51 -72
41 -72
8 -72
48 -72
66 -72
22 -72
43 -72
41 -72
14 -72
3 -70
2 -70
1 -70
5 -70
4 -70
165 -78
66 -78
162 -78
143 -78
9 -78
156 -78
178 -78
102 -78
83 -78
142 -78
79 -78
100 -78
59 -76
97 -76
26 -76
55 -76
62 -76
36 -76
37 -76
77 -76
14 -76
36 -76
50 -76
41 -76
3 -70
1 -70
6 -70
2 -70
4 -70
99 -74
68 -74
12 -74
75 -74
67 -74
23 -74
84 -74
65 -74
48 -74
60 -74
74 -74
24 -74
62 -74
57 -74
6 -70
24 -70
7 -70
16 -70
18 -70
12 -70
5 -70
9 -70
16 -70
13 -70
4 -70
1 -70
2 -70
3 -70
39 -70
24 -70
43 -70
28 -70
21 -70
26 -70
43 -70
10 -70
37 -70
34 -70
16 -70
42 -70
29 -70
36 -70
19 -70
11 -70
16 -70
14 -70
8 -70
17 -70
20 -70
15 -70
16 -70
22 -70
37 -70
20 -70
17 -70
34 -70
29 -70
28 -70
26 -70
29 -70
33 -70
19 -70
17 -70
28 -70
21 -70
34 -70
23 -70
27 -70
22 -70
15 -70
22 -70
19 -70
15 -70
32 -70
24 -70
15 -70
24 -70
27 -70
26 -70
23 -70
24 -70
18 -70
28 -70
16 -70
18 -70
20 -70
28 -70
27 -70
22 -70
30 -70
24 -70
26 -70
29 -70
17 -70
26 -70
15 -70
18 -70
25 -70
17 -70
25 -70
24 -70
18 -70
21 -70
20 -70
27 -70
17 -70
22 -70
15 -70
27 -70
20 -70
21 -70
21 -70
24 -70
19 -70
16 -70
16 -70
16 -70
1 -70
